20
8 9 3 1 9 4 7 8 4
25 18 6 8 8 24 3 11 14 19 12 0 26 18 19 22 16 6 24 29 15 10 14 28 17 21
80 111 83 101 112 50 6 138 167 114 239 32 154 104 125 179 141 162 38 219 136 170 206 94 10 149 64 215 64 76 136 183 39 219 35 152 121 143 40 39 109 131 173 14 235 48 45 127 63 83 198 199 105 155 43 218 156 210 183 73 36 171 108 177 140 245 181 11 240 73 50 100 204 75 114 42 124 159 169 39 94
3 0 0 0
25 17 2 27 12 22 26 1 20 26 1 15 29 4 29 10 9 21 7 27 11 21 5 9 7 27
80 115 247 171 26 19 218 201 203 153 183 157 209 228 56 47 220 84 58 84 198 241 126 148 215 52 171 189 59 6 10 16 224 109 39 0 128 109 53 81 114 88 239 176 67 147 223 37 231 32 122 31 125 100 179 90 4 100 131 63 107 244 181 81 103 220 183 232 181 237 165 46 75 154 222 142 51 47 32 134 181
100 390 370 379 398 390 399 376 387 382 391 384 384 378 374 379 378 394 394 391 389 396 378 390 389 383 396 373 388 389 385 370 371 377 371 399 398 392 376 377 375 389 383 389 389 387 399 397 373 385 380 384 381 389 374 371 394 393 396 374 382 382 397 376 381 398 375 371 391 373 370 396 384 384 377 395 393 398 392 397 383 395 373 387 384 378 380 370 371 376 374 375 388 393 381 392 392 379 385 375 374
80 6 165 57 208 95 249 212 47 233 26 154 227 59 87 182 132 21 16 63 110 182 211 185 86 35 180 240 83 64 226 116 70 142 25 28 89 25 240 136 110 118 143 87 178 82 121 60 205 138 225 65 70 187 103 8 222 33 100 157 97 77 126 19 71 151 149 160 28 139 148 138 110 143 77 140 226 199 52 181 87
50 11 42 32 96 79 21 70 84 72 27 34 40 83 72 98 30 63 47 50 30 73 14 59 22 47 24 82 35 32 4 54 43 98 86 40 78 59 62 62 83 41 48 23 24 72 22 54 35 21 57
100 345 325 194 166 6 189 56 247 395 226 384 3 260 40 282 155 173 48 95 90 105 346 166 267 63 304 190 8 90 368 361 35 293 155 201 251 344 210 51 291 388 35 247 248 75 81 356 200 129 51 242 234 349 360 101 364 264 243 372 355 211 333 342 56 40 96 259 336 258 310 228 246 297 75 94 324 156 50 125 285 53 319 71 355 280 124 319 96 367 244 3 130 129 346 186 170 394 45 58 252
80 75 34 178 47 13 133 115 60 131 14 185 147 100 97 158 79 99 63 129 134 66 164 85 25 15 236 180 126 142 116 129 69 2 159 116 15 145 83 178 26 97 113 26 50 62 36 129 13 100 8 147 166 25 232 44 40 70 76 18 65 44 249 134 46 158 103 62 53 186 92 182 34 57 60 84 119 96 65 234 196
100 396 393 391 392 390 396 395 391 399 394 394 396 398 391 390 398 391 392 399 398 398 396 398 392 390 392 394 399 398 391 395 396 394 396 398 396 393 395 397 394 392 394 390 392 397 392 390 391 396 391 399 394 399 399 396 399 394 392 390 392 393 396 398 399 392 398 396 397 393 395 393 395 399 395 399 397 399 399 390 395 392 391 390 392 390 396 393 396 399 394 398 394 390 398 394 394 398 392 394 392
50 81 9 90 25 96 67 77 34 90 26 24 57 14 68 5 58 12 86 0 46 26 94 16 52 78 29 46 90 47 70 51 80 31 93 57 27 12 86 14 55 12 90 12 79 10 69 89 74 55 41
2 1 1
25 26 10 4 28 18 18 9 27 17 6 14 3 0 23 20 29 22 5 4 0 5 29 14 16 9
2 1 2
4 2 2 2 2
80 142 71 22 105 193 79 111 28 128 197 200 45 132 37 149 51 89 136 103 176 198 44 36 6 107 92 167 164 171 70 230 166 244 104 123 187 183 234 67 62 181 17 209 165 156 108 69 245 245 172 171 45 69 59 51 176 152 71 90 175 243 172 91 89 27 66 128 62 50 196 124 83 213 186 249 120 44 68 115 141
4 0 0 0 1
25 0 26 4 6 12 5 8 16 12 8 14 27 12 14 0 6 2 29 9 10 8 11 3 11 21
