20
112 73
1 5 3 64100
73 26
5 8 4 54214
98 59
6 30 524 98
1000000000 100000
999999999 1 999999999 1000000000
1000000000 1
12 7 74 12
220 88
1 8 3 58265
131 74
1 9 10 78736
1000000000 100000
1 1 0 2
1000000000 100000
99999 1 99999 100000
977365070 59489
8 5 9 999966210
232959116 56689
4 9 1 999903057
97 39
34 37 656 97
693840425 90561
2 6 7 999957328
45068754 29153
2 9 5 999904402
66 39
35 2 589 66
177 73
7 7 5 56401
28 21
6 5 1 85919
640834505 28785
3 9 1 999946125
249718282 93729
1 5 6 999917908
78 51
3 5 5 51230
