20
4 4 2 2 1 0 2 1 2 3 4
5726 4567 144 121 1000000 454 3685 99 81 46 52
35728 35276 139 460 1000000 14745 27690 33 97 8 69
24576 30148 1171 1922 740 19787 13047 34 74 34 11
36598 39593 9 164 1449 27518 12034 65 2 51 34
9870 591 100 109 1000000 46 313 37 25 63 70
36478 39536 170 1 1442 22516 31242 4 70 37 6
28557 13495 1138 1991 385 23252 10801 56 19 77 36
4 4 1 1 3 1 1 2 2 2 2
39491 39608 20414 20014 3 22564 17425 7 17 95 40
37637 35252 131 4 1326 1844 2265 72 38 3 79
39527 38179 294 327 1000000 12899 20050 56 52 99 46
39353 39838 20565 20767 3 35517 37854 90 60 17 84
192 223 29 170 28 25 108 89 74 40 51
6 10 3 2 2 0 0 5 4 3 2
39954 39461 443 17 1000000 34349 36388 60 98 69 44
38095 39579 180 6 1507 11485 32227 86 32 39 26
39724 39430 20919 20227 3 7295 34728 28 46 33 14
943 715 356 144 449 893 533 86 24 28 90
21995 37911 1150 1245 833 47 23529 19 74 87 95
