20
8962681651934012
0 1 0 0 1 0 1 1 0 0
1 1 1 0 0 1 0 0 0 0
0 1 0 1 0 1 0 1 0 0
0 0 1 0 0 1 1 0 1 0
1 0 0 0 1 1 1 0 1 0
0 1 1 1 1 0 1 1 1 1
1 0 0 1 1 1 1 0 0 1
1 0 1 0 0 1 0 1 1 0
0 0 0 1 1 1 0 1 1 1
0 0 0 0 0 1 1 0 1 1
37282030685187840
1 1 1 1 0 0 0 1 0 0
1 1 0 1 1 1 0 1 0 1
1 0 0 1 1 1 1 1 0 1
1 1 1 0 0 1 1 0 0 1
0 1 1 0 0 1 0 0 1 1
0 1 1 1 1 0 0 1 1 1
0 0 1 1 0 0 1 1 0 0
1 1 1 0 0 1 1 0 1 0
0 0 0 0 1 1 0 1 0 0
0 1 1 1 1 1 0 0 0 1
91593367258335312
0 1 0 1 0 0 1 1 1 0
1 0 0 0 0 0 1 1 1 0
0 0 0 1 0 1 0 0 0 1
1 0 1 0 0 1 0 0 0 1
0 0 0 0 1 0 1 0 0 1
0 0 1 1 0 0 0 0 1 0
1 1 0 0 1 0 0 1 0 1
1 1 0 0 0 0 1 0 1 0
1 1 0 0 0 1 0 1 0 0
0 0 1 1 1 0 1 0 0 1
682677234
0 0 1 0 0 1 0 0 1 0
0 0 1 1 0 0 0 0 1 0
1 1 1 0 1 1 0 0 0 1
0 1 0 0 0 0 0 0 1 0
0 0 1 0 0 0 0 1 1 0
1 0 1 0 0 0 1 0 0 1
0 0 0 0 0 1 1 1 0 0
0 0 0 0 1 0 1 0 1 1
1 1 0 1 1 0 0 1 0 1
0 0 1 0 0 1 0 1 1 0
55783968264174720
0 1 1 1 1 0 0 1 1 1
1 0 0 0 0 0 0 0 1 1
1 0 0 1 0 1 1 1 1 1
1 0 1 1 0 0 0 1 0 0
1 0 0 0 1 0 1 1 0 0
0 0 1 0 0 1 1 1 0 1
0 0 1 0 1 1 1 1 1 1
1 0 1 1 1 1 1 0 0 0
1 1 1 0 0 0 1 0 1 0
1 1 1 0 0 1 1 0 0 0
51826782981322120
0 1 0 1 1 0 0 1 0 0
1 0 1 0 1 1 1 0 0 1
0 1 0 1 1 1 0 1 1 1
1 0 1 1 1 0 1 1 0 0
1 1 1 1 0 0 1 1 0 0
0 1 1 0 0 0 1 1 0 1
0 1 0 1 1 1 0 1 1 1
1 0 1 1 1 1 1 0 1 0
0 0 1 0 0 0 1 1 1 1
0 1 1 0 0 1 1 0 1 0
8
0 0 0 1 0 0 1 1 1 0
0 0 0 0 1 1 0 0 1 1
0 0 1 1 0 1 1 0 1 1
1 0 1 0 1 0 0 1 1 1
0 1 0 1 0 1 1 0 1 1
0 1 1 0 1 0 1 1 1 0
1 0 1 0 1 1 0 1 1 0
1 0 0 1 0 1 1 0 1 1
1 1 1 1 1 1 1 1 0 0
0 1 1 1 1 0 0 1 0 0
920790982
0 1 0 0 0 0 1 1 0 0
1 0 0 1 0 1 0 1 1 1
0 0 1 0 1 1 1 1 1 0
0 1 0 0 0 0 0 1 0 1
0 0 1 0 0 1 0 0 0 0
0 1 1 0 1 0 1 0 1 1
1 0 1 0 0 1 0 0 1 1
1 1 1 1 0 0 0 1 0 1
0 1 1 0 0 1 1 0 0 0
0 1 0 1 0 1 1 1 0 0
2776630296979843
0 1 0 1 1 1 0 0 0 1
1 1 0 1 1 0 0 1 0 1
0 0 0 0 0 0 0 1 0 0
1 1 0 0 0 0 0 1 1 0
1 1 0 0 1 0 1 1 0 1
1 0 0 0 0 1 0 1 1 1
0 0 0 0 1 0 1 0 0 1
0 1 1 1 1 1 0 0 0 0
0 0 0 1 0 1 0 0 0 1
1 1 0 0 1 1 1 0 1 1
27797272487970048
0 0 1 1 1 0 1 0 0 1
0 1 0 0 0 0 1 1 0 1
1 0 0 1 1 0 1 0 0 0
1 0 1 1 0 0 1 1 1 1
1 0 1 0 0 1 1 1 0 1
0 0 0 0 1 1 1 0 0 0
1 1 1 1 1 1 0 0 1 1
0 1 0 1 1 0 0 1 1 0
0 0 0 1 0 0 1 1 0 1
1 1 0 1 1 0 1 0 1 0
170819897
0 1 0 0 1 1 1 1 0 1
1 1 0 0 1 1 0 1 1 0
0 0 0 0 0 0 1 1 1 0
0 0 0 1 0 0 0 1 1 0
1 1 0 0 0 0 0 1 0 1
1 1 0 0 0 0 1 0 1 1
1 0 1 0 0 1 1 0 0 0
1 1 1 1 1 0 0 0 0 1
0 1 1 1 0 1 0 0 0 0
1 0 0 0 1 1 0 1 0 1
44938450563019504
1 1 1 1 1 0 0 1 0 0
1 0 1 0 0 0 0 0 1 1
1 1 0 1 0 1 1 1 1 0
1 0 1 1 1 1 1 0 1 1
1 0 0 1 0 0 0 0 0 0
0 0 1 1 0 1 0 0 1 1
0 0 1 1 0 0 0 0 0 1
1 0 1 0 0 0 0 0 1 1
0 1 1 1 0 1 0 1 0 0
0 1 0 1 0 1 1 1 0 0
42712873382767648
0 0 0 1 1 0 0 0 0 0
0 0 0 0 1 0 1 1 0 1
0 0 0 0 0 1 1 0 1 1
1 0 0 0 1 1 0 0 0 0
1 1 0 1 1 0 0 1 0 0
0 0 1 1 0 1 0 1 1 1
0 1 1 0 0 0 0 1 1 0
0 1 0 0 1 1 1 0 0 0
0 0 1 0 0 1 1 0 0 0
0 1 1 0 0 1 0 0 0 1
45328485225986448
1 0 0 0 0 1 0 0 1 1
0 0 1 1 0 0 0 1 1 1
0 1 1 0 1 0 0 0 1 1
0 1 0 0 1 1 1 0 0 0
0 0 1 1 0 0 0 0 1 0
1 0 0 1 0 0 1 1 1 1
0 0 0 1 0 1 0 1 0 0
0 1 0 0 0 1 1 0 0 1
1 1 1 0 1 1 0 0 1 1
1 1 1 0 0 1 0 1 1 1
33641610683360192
0 1 1 1 1 1 1 0 0 0
1 1 0 0 1 0 1 0 0 1
1 0 0 0 0 1 0 1 0 0
1 0 0 0 1 0 1 1 1 1
1 1 0 1 0 1 1 1 0 1
1 0 1 0 1 1 1 0 1 1
1 1 0 1 1 1 0 1 0 0
0 0 1 1 1 0 1 0 0 0
0 0 0 1 0 1 0 0 0 1
0 1 0 1 1 1 0 0 1 1
83134786293214928
0 0 0 0 1 1 1 0 0 1
0 1 0 1 1 0 0 0 1 0
0 0 1 1 0 0 0 0 1 0
0 1 1 0 1 0 0 0 1 0
1 1 0 1 1 0 1 1 1 0
1 0 0 0 0 0 1 0 1 0
1 0 0 0 1 1 0 1 1 1
0 0 0 0 1 0 1 0 0 1
0 1 1 1 1 1 1 0 0 1
1 0 0 0 0 0 1 1 1 0
26505791064994400
1 0 0 0 0 0 1 1 0 1
0 0 0 0 0 1 0 0 0 0
0 0 1 1 1 1 0 1 0 1
0 0 1 0 0 0 0 0 1 0
0 0 1 0 1 1 0 1 0 1
0 1 1 0 1 0 0 0 1 0
1 0 0 0 0 0 0 1 1 0
1 0 1 0 1 0 1 0 0 0
0 0 0 1 0 1 1 0 1 0
1 0 1 0 1 0 0 0 0 0
35229132111206472
1 1 1 1 0 0 1 1 1 1
1 0 1 0 1 0 1 1 0 0
1 1 0 1 0 1 0 1 1 1
1 0 1 0 1 1 1 1 0 0
0 1 0 1 0 0 0 1 1 0
0 0 1 1 0 1 1 1 0 1
1 1 0 1 0 1 0 1 1 1
1 1 1 1 1 1 1 0 0 1
1 0 1 0 1 0 1 0 0 1
1 0 1 0 0 1 1 1 1 1
4
0 1 1 0 0 1 1 1 1 1
1 0 0 1 0 0 0 1 1 1
1 0 0 1 1 1 0 1 0 1
0 1 1 1 1 0 0 0 0 1
0 0 1 1 0 1 1 0 1 0
1 0 1 0 1 0 1 1 0 1
1 0 0 0 1 1 1 0 0 0
1 1 1 0 0 1 0 1 0 1
1 1 0 0 1 0 0 0 0 1
1 1 1 1 0 1 0 1 1 0
232495601
0 0 1 1 0 1 1 1 0 1
0 1 1 0 1 0 0 1 0 0
1 1 0 1 1 1 0 0 0 1
1 0 1 1 1 0 1 1 1 1
0 1 1 1 0 1 1 1 1 1
1 0 1 0 1 0 0 1 0 1
1 0 0 1 1 0 0 0 0 0
1 1 0 1 1 1 0 0 0 1
0 0 0 1 1 0 0 0 0 1
1 0 1 1 1 1 0 1 1 1
